CRH1-020A
M0 523.2,68.58,705.5,296.1,73.1,73.42,593.9,609.1,16.17,91.5,316.4,714.2
M1 236.0,12.61,388.9,38.31,6.26,62.92,18.12,879.8,84.92,150.3,471.5,66.31
M2 52.28,556.6,581.5,90.08,23.33,641.2,90.97,39.23,82.69,62.74,47.96,59.61
M3 826.5,364.0,46.25,32.91,92.87,824.0,498.9,366.1,540.8,443.1,43.4,605.0
M4 41.76,3.88,887.8,681.2,30.1,53.37,481.6,91.88,90.23,476.3,657.0,286.2

CRH1-004A
M0 78.28,398.8,896.9,587.9,18.76,381.2,33.31,46.87,541.2,799.9,25.46,93.29
M1 875.6,13.24,19.6,988.3,80.31,862.7,917.5,71.34,268.4,983.1,70.61,51.44
M2 40.89,32.78,260.8,592.5,702.7,986.4,17.8,67.13,46.8,34.61,665.8,849.1
M3 694.2,888.6,84.61,3.65,12.82,72.94,46.06,81.22,52.07,2.71,55.21,691.9
M4 942.8,81.62,622.4,739.7,12.42,516.8,684.9,173.2,83.87,363.5,30.84,114.2

CRH2-120B
M0 458.4,26.14,404.4,917.7,939.7,123.4,531.9,578.6,66.3,574.1,52.1,55.58
M1 748.0,1.58,55.01,983.9,692.2,44.19,56.02,646.0,439.6,5.75,77.98,272.4
M2 277.1,72.13,639.7,69.88,27.59,45.66,30.67,167.7,35.01,79.76,94.13,589.7
M3 38.57,533.6,30.63,89.62,31.09,49.45,627.1,706.3,422.6,378.7,941.7,41.08
M4 763.2,26.95,48.2,429.5,850.0,40.58,55.43,84.03,59.94,979.0,466.3,79.47
M5 85.9,213.1,21.54,137.6,564.9,749.5,1.31,431.9,17.26,41.06,95.29,14.83
M6 678.2,73.88,327.5,131.5,23.97,324.5,22.25,57.31,137.6,823.5,562.6,634.3
M7 573.5,738.9,43.6,54.67,592.2,49.78,704.1,491.6,23.83,8.5,616.5,805.4

CRH2-120B
M0 907.2,51.77,39.08,96.3,737.1,737.2,495.7,66.61,80.11,77.2,678.9,228.5
M1 80.64,32.73,618.1,290.0,98.52,550.2,442.5,71.73,869.4,236.8,27.19,95.31
M2 682.8,8.51,34.96,63.0,15.41,676.2,309.3,29.56,65.85,58.5,60.7,120.4
M3 72.78,1.33,17.57,774.5,134.8,86.07,914.7,18.81,953.8,25.94,71.23,790.6
M4 22.69,99.07,32.09,103.3,12.34,87.4,549.0,212.6,77.26,17.27,91.98,18.97
M5 266.6,297.6,154.4,272.1,68.8,60.34,58.26,154.6,396.6,87.42,858.7,51.2
M6 226.4,170.6,164.0,28.48,691.0,7.21,416.6,3.53,770.3,992.5,875.5,53.75
M7 364.2,163.4,926.1,454.3,3.5,9.1,766.0,374.9,23.46,77.33,16.91,38.48

CRH1-004A
M0 81.31,73.15,50.24,43.93,240.5,95.88,691.9,83.51,63.77,217.4,890.9,416.9
M1 408.7,72.62,19.03,28.71,995.0,17.18,82.97,687.7,3.0,149.3,15.9,416.8
M2 963.4,59.35,63.69,60.95,44.8,496.2,872.0,96.52,40.94,22.1,94.14,533.1
M3 893.3,2.73,1.19,985.1,118.0,991.0,58.22,89.67,334.2,37.28,50.97,93.31
M4 487.9,625.0,20.39,99.74,98.53,650.2,41.77,33.17,668.8,63.1,49.22,28.7

CRH2-120B
M0 59.06,733.2,87.74,97.35,27.13,253.7,240.3,289.7,26.67,330.1,500.9,889.4
M1 2.7,15.95,686.5,49.0,234.5,783.8,58.83,55.54,28.5,891.0,815.8,78.78
M2 78.73,75.26,998.9,5.81,42.78,376.3,566.3,36.84,50.14,18.15,74.03,194.2
M3 72.24,2.84,131.9,86.1,94.26,22.53,594.8,72.36,7.7,21.88,802.2,706.9
M4 371.3,3.29,346.6,252.5,824.3,16.28,32.1,61.06,202.6,55.36,42.8,465.7
M5 48.02,498.5,68.15,797.5,222.0,77.38,51.3,682.8,975.5,97.8,616.8,29.95
M6 81.39,4.72,14.02,95.99,90.89,892.2,11.63,341.2,704.5,425.9,631.1,21.1
M7 996.3,749.6,769.0,85.07,973.8,15.42,956.5,6.89,77.5,687.2,81.14,165.8

CRH2-122B
M0 341.1,73.41,78.07,46.2,743.3,95.57,8.97,3.53,97.71,22.45,301.4,126.0
M1 958.7,779.6,9.26,260.7,34.65,68.15,684.8,52.62,314.0,78.88,74.35,578.3
M2 83.6,902.6,450.8,910.5,780.0,42.73,894.7,627.5,17.08,883.6,874.0,46.78
M3 98.8,873.5,71.48,10.44,87.27,64.83,71.78,813.4,18.69,256.8,410.4,44.73
M4 266.2,36.19,86.68,27.41,181.2,20.76,97.39,651.8,783.7,88.74,67.5,69.56
M5 0.49,2.32,898.6,64.5,57.56,195.8,96.1,74.62,585.2,98.71,5.26,250.9
M6 678.0,29.04,91.1,93.67,9.78,62.52,15.31,286.8,243.6,55.38,621.4,832.0
M7 87.09,93.51,53.14,7.03,587.0,680.6,82.28,175.4,82.46,87.32,131.9,50.17

CRH2-120B
M0 51.4,60.3,12.6,89.9,576.8,63.44,93.52,62.93,94.78,7.12,942.4,242.0
M1 593.4,511.2,24.61,10.93,7.3,798.5,69.88,450.3,11.1,364.4,54.05,576.1
M2 558.5,330.7,299.7,78.08,13.7,99.38,809.1,77.18,54.9,50.9,90.21,78.05
M3 889.1,941.6,59.23,53.27,506.5,97.82,319.8,6.59,14.58,51.54,14.61,97.89
M4 18.0,273.0,62.39,7.38,31.97,64.2,430.6,50.69,56.96,606.3,75.54,506.3
M5 34.77,79.46,86.34,430.3,582.5,805.3,216.1,443.4,63.88,66.04,2.78,36.95
M6 58.95,43.41,15.52,34.43,220.5,11.2,778.6,734.0,515.0,220.6,41.68,412.4
M7 590.2,740.8,436.2,89.89,31.76,48.86,366.0,43.9,150.3,10.21,1.02,92.09

CRH2-122B
M0 999.1,7.2,55.86,33.55,354.9,25.46,645.0,891.6,234.7,914.8,571.7,871.2
M1 94.89,798.6,72.74,276.9,12.76,631.3,56.19,263.0,927.0,45.0,348.5,83.91
M2 841.8,915.2,366.0,166.6,91.4,434.5,6.09,990.0,11.8,47.84,21.3,74.57
M3 33.84,23.77,12.32,671.7,92.46,817.7,36.11,80.73,5.15,49.52,672.4,11.46
M4 75.05,17.29,22.8,80.8,23.05,5.92,516.2,67.8,29.03,77.28,83.09,36.25
M5 235.1,52.6,486.0,352.1,52.9,77.76,60.09,500.3,27.32,758.9,543.1,830.8
M6 47.72,57.96,890.3,43.9,1.05,19.36,7.82,148.0,6.38,371.2,737.9,800.0
M7 93.26,959.3,9.64,831.1,936.7,14.06,70.89,71.85,33.73,10.12,229.0,60.49

CRH2-122B
M0 178.3,50.55,876.3,909.6,85.7,440.9,763.4,15.7,188.2,4.53,259.8,186.9
M1 492.4,857.4,13.27,71.26,237.1,40.9,28.83,905.6,98.24,26.1,55.55,98.35
M2 446.5,783.4,103.9,53.9,393.7,89.96,769.3,39.41,197.4,861.1,77.08,96.38
M3 5.6,466.2,46.3,62.69,22.21,85.6,70.95,865.1,21.6,57.06,935.5,86.81
M4 88.33,966.5,919.2,754.7,8.08,83.3,42.06,340.4,39.39,894.9,80.68,30.45
M5 43.78,94.98,43.62,82.84,98.19,446.8,68.78,77.95,17.77,91.41,933.6,295.4
M6 254.4,465.3,27.72,18.95,90.25,937.7,936.4,93.88,263.1,83.23,733.9,14.75
M7 166.7,112.2,27.98,280.9,28.1,90.5,78.5,156.1,588.4,94.3,97.23,14.5

